24
25
26
27
28
100
101
102
103
104
105
106
107
108
109
180
181
182
183
184
185
186
187
188
189
260
261
262
263
264
265
266
267
268
269
270
339
340
341
342
343
344
345
346
347
348
349
350
351
419
420
421
422
423
424
425
426
427
428
429
430
431
499
500
501
502
503
504
505
506
507
508
509
510
511
512
579
580
581
582
583
584
585
586
587
588
589
590
591
592
593
659
660
661
662
663
664
665
666
667
668
669
670
671
672
673
674
739
740
741
742
743
744
745
746
747
748
749
750
751
752
753
754
755
819
820
821
822
823
824
825
826
827
828
829
830
831
832
833
834
835
836
899
900
901
902
903
904
905
906
907
908
909
910
911
912
913
914
915
916
917
979
980
981
982
983
984
985
986
987
988
989
990
991
992
993
994
995
996
997
998
1059
1060
1061
1062
1063
1064
1065
1066
1067
1068
1069
1070
1071
1072
1073
1074
1075
1076
1077
1078
1139
1140
1141
1142
1143
1144
1145
1146
1147
1148
1149
1150
1151
1152
1153
1154
1155
1156
1157
1158
1219
1220
1221
1222
1223
1224
1225
1226
1227
1228
1229
1230
1231
1232
1233
1234
1235
1236
1237
1238
1299
1300
1301
1302
1303
1304
1305
1306
1307
1308
1309
1310
1311
1312
1313
1314
1315
1316
1317
1318
1379
1380
1381
1382
1383
1384
1385
1386
1387
1388
1389
1390
1391
1392
1393
1394
1395
1396
1397
1398
1459
1460
1461
1462
1463
1464
1465
1466
1467
1468
1469
1470
1471
1472
1473
1474
1475
1476
1477
1478
1540
1541
1542
1543
1544
1545
1546
1547
1548
1549
1550
1551
1552
1553
1554
1555
1556
1557
1558
4843
4844
4845
4846
4847
4848
4849
4850
4851
4852
4853
4854
4855
4856
4857
4858
4859
4860
4861
4923
4924
4925
4926
4927
4928
4929
4930
4931
4932
4933
4934
4935
4936
4937
4938
4939
4940
4941
4942
5003
5004
5005
5006
5007
5008
5009
5010
5011
5012
5013
5014
5015
5016
5017
5018
5019
5020
5021
5022
5083
5084
5085
5086
5087
5088
5089
5090
5091
5092
5093
5094
5095
5096
5097
5098
5099
5100
5101
5102
5163
5164
5165
5166
5167
5168
5169
5170
5171
5172
5173
5174
5175
5176
5177
5178
5179
5180
5181
5182
5243
5244
5245
5246
5247
5248
5249
5250
5251
5252
5253
5254
5255
5256
5257
5258
5259
5260
5261
5262
5323
5324
5325
5326
5327
5328
5329
5330
5331
5332
5333
5334
5335
5336
5337
5338
5339
5340
5341
5342
5403
5404
5405
5406
5407
5408
5409
5410
5411
5412
5413
5414
5415
5416
5417
5418
5419
5420
5421
5422
5484
5485
5486
5487
5488
5489
5490
5491
5492
5493
5494
5495
5496
5497
5498
5499
5500
5501
5502
5565
5566
5567
5568
5569
5570
5571
5572
5573
5574
5575
5576
5577
5578
5579
5580
5581
5582
5646
5647
5648
5649
5650
5651
5652
5653
5654
5655
5656
5657
5658
5659
5660
5661
5662
5727
5728
5729
5730
5731
5732
5733
5734
5735
5736
5737
5738
5739
5740
5741
5742
5808
5809
5810
5811
5812
5813
5814
5815
5816
5817
5818
5819
5820
5821
5822
5889
5890
5891
5892
5893
5894
5895
5896
5897
5898
5899
5900
5901
5902
5969
5970
5971
5972
5973
5974
5975
5976
5977
5978
5979
5980
5981
5982
6050
6051
6052
6053
6054
6055
6056
6057
6058
6059
6060
6061
6062
6131
6132
6133
6134
6135
6136
6137
6138
6139
6140
6141
6212
6213
6214
6215
6216
6217
6218
6219
6220
6221
6293
6294
6295
6296
6297
6298
6299
6300
6301
6373
6374
6375
6376
