1621
1622
1623
1624
1625
1626
1627
1628
1629
1630
1631
1632
1633
1634
1635
1636
1637
1701
1702
1703
1704
1705
1706
1707
1708
1709
1710
1711
1712
1713
1714
1715
1716
1717
1781
1782
1783
1784
1785
1786
1787
1788
1789
1790
1791
1792
1793
1794
1795
1796
1797
1861
1862
1863
1864
1865
1866
1867
1868
1869
1870
1871
1872
1873
1874
1875
1876
1877
1941
1942
1943
1944
1945
1946
1947
1948
1949
1950
1951
1952
1953
1954
1955
1956
1957
2021
2022
2023
2024
2025
2026
2027
2028
2029
2030
2031
2032
2033
2034
2035
2036
2037
2101
2102
2103
2104
2105
2106
2107
2108
2109
2110
2111
2112
2113
2114
2115
2116
2117
2181
2182
2183
2184
2185
2186
2187
2188
2189
2190
2191
2192
2193
2194
2195
2196
2197
2261
2262
2263
2264
2265
2266
2267
2268
2269
2270
2271
2272
2273
2274
2275
2276
2277
2341
2342
2343
2344
2345
2346
2347
2348
2349
2350
2351
2352
2353
2354
2355
2356
2357
2421
2422
2423
2424
2425
2426
2427
2428
2429
2430
2431
2432
2433
2434
2435
2436
2501
2502
2503
2504
2505
2506
2507
2508
2509
2510
2511
2512
2513
2514
2515
2581
2582
2583
2584
2585
2586
2587
2588
2589
2590
2591
2592
2593
2594
2661
2662
2663
2664
2665
2666
2667
2668
2669
2670
2671
2672
2673
2741
2742
2743
2744
2745
2746
2747
2748
2749
2750
2751
2752
2821
2822
2823
2824
2825
2826
2827
2828
2829
2830
2831
2832
2901
2902
2903
2904
2905
2906
2907
2908
2909
2910
2911
2981
2982
2983
2984
2985
2986
2987
2988
2989
2990
3061
3062
3063
3064
3065
3066
3067
3068
3069
3070
3141
3142
3143
3144
3145
3146
3147
3148
3149
3172
3173
3174
3175
3176
3177
3178
3179
3180
3221
3222
3223
3224
3225
3226
3227
3228
3229
3252
3253
3254
3255
3256
3257
3258
3259
3260
3331
3332
3333
3334
3335
3336
3337
3338
3339
3340
3411
3412
3413
3414
3415
3416
3417
3418
3419
3420
3490
3491
3492
3493
3494
3495
3496
3497
3498
3499
3500
3569
3570
3571
3572
3573
3574
3575
3576
3577
3578
3579
3580
3649
3650
3651
3652
3653
3654
3655
3656
3657
3658
3659
3660
3728
3729
3730
3731
3732
3733
3734
3735
3736
3737
3738
3739
3740
3807
3808
3809
3810
3811
3812
3813
3814
3815
3816
3817
3818
3819
3820
3886
3887
3888
3889
3890
3891
3892
3893
3894
3895
3896
3897
3898
3899
3900
3965
3966
3967
3968
3969
3970
3971
3972
3973
3974
3975
3976
3977
3978
3979
3980
4044
4045
4046
4047
4048
4049
4050
4051
4052
4053
4054
4055
4056
4057
4058
4059
4060
4124
4125
4126
4127
4128
4129
4130
4131
4132
4133
4134
4135
4136
4137
4138
4139
4140
4204
4205
4206
4207
4208
4209
4210
4211
4212
4213
4214
4215
4216
4217
4218
4219
4220
4284
4285
4286
4287
4288
4289
4290
4291
4292
4293
4294
4295
4296
4297
4298
4299
4300
4364
4365
4366
4367
4368
4369
4370
4371
4372
4373
4374
4375
4376
4377
4378
4379
4380
4444
4445
4446
4447
4448
4449
4450
4451
4452
4453
4454
4455
4456
4457
4458
4459
4460
4524
4525
4526
4527
4528
4529
4530
4531
4532
4533
4534
4535
4536
4537
4538
4539
4540
4604
4605
4606
4607
4608
4609
4610
4611
4612
4613
4614
4615
4616
4617
4618
4619
4620
4684
4685
4686
4687
4688
4689
4690
4691
4692
4693
4694
4695
4696
4697
4698
4699
4700
4764
4765
4766
4767
4768
4769
4770
4771
4772
4773
4774
4775
4776
4777
4778
4779
4780
