1621
1622
1623
1624
1625
1626
1627
1628
1629
1630
1631
1632
1633
1634
1635
1636
1637
1638
1639
1640
1641
1642
1643
1644
1645
1646
1647
1648
1649
1650
1651
1701
1702
1703
1704
1705
1706
1707
1708
1709
1710
1711
1712
1713
1714
1715
1716
1717
1718
1719
1720
1721
1722
1723
1724
1725
1726
1727
1728
1729
1730
1731
1781
1782
1783
1784
1785
1786
1787
1788
1789
1790
1791
1792
1793
1794
1795
1796
1797
1798
1799
1800
1801
1802
1803
1804
1805
1806
1807
1808
1809
1810
1861
1862
1863
1864
1865
1866
1867
1868
1869
1870
1871
1872
1875
1876
1877
1878
1879
1880
1881
1882
1883
1884
1885
1886
1887
1888
1889
1890
1941
1942
1943
1944
1945
1946
1947
1948
1949
1950
1951
1952
2021
2022
2023
2024
2025
2026
2027
2028
2029
2030
2031
2032
2101
2102
2103
2104
2105
2106
2107
2108
2109
2110
2111
2112
2181
2182
2183
2184
2185
2186
2187
2188
2189
2190
2191
2192
2261
2262
2263
2264
2265
2266
2267
2268
2269
2270
2271
2272
2341
2342
2343
2344
2345
2346
2347
2348
2349
2350
2351
2352
2421
2422
2423
2424
2425
2426
2427
2428
2429
2430
2431
2432
2501
2502
2503
2504
2505
2506
2507
2508
2509
2510
2511
2512
2581
2582
2583
2584
2585
2586
2587
2588
2589
2590
2591
2592
2664
2665
2666
2667
2668
2669
2670
2671
2672
2746
2747
2748
2749
2750
2751
2752
2828
2829
2830
2831
2910
2911
3490
3491
3570
3571
3572
3573
3649
3650
3651
3652
3653
3654
3655
3729
3730
3731
3732
3733
3734
3735
3736
3737
3809
3810
3811
3812
3813
3814
3815
3816
3817
3818
3819
3820
3889
3890
3891
3892
3893
3894
3895
3896
3897
3898
3899
3900
3969
3970
3971
3972
3973
3974
3975
3976
3977
3978
3979
3980
4049
4050
4051
4052
4053
4054
4055
4056
4057
4058
4059
4060
4129
4130
4131
4132
4133
4134
4135
4136
4137
4138
4139
4140
4209
4210
4211
4212
4213
4214
4215
4216
4217
4218
4219
4220
4289
4290
4291
4292
4293
4294
4295
4296
4297
4298
4299
4300
4369
4370
4371
4372
4373
4374
4375
4376
4377
4378
4379
4380
4449
4450
4451
4452
4453
4454
4455
4456
4457
4458
4459
4460
4512
4513
4514
4515
4516
4517
4518
4519
4520
4521
4522
4523
4524
4525
4526
4529
4530
4531
4532
4533
4534
4535
4536
4537
4538
4539
4540
4591
4592
4593
4594
4595
4596
4597
4598
4599
4600
4601
4602
4603
4604
4605
4606
4607
4608
4609
4610
4611
4612
4613
4614
4615
4616
4617
4618
4619
4620
4670
4671
4672
4673
4674
4675
4676
4677
4678
4679
4680
4681
4682
4683
4684
4685
4686
4687
4688
4689
4690
4691
4692
4693
4694
4695
4696
4697
4698
4699
4700
4750
4751
4752
4753
4754
4755
4756
4757
4758
4759
4760
4761
4762
4763
4764
4765
4766
4767
4768
4769
4770
4771
4772
4773
4774
4775
4776
4777
4778
4779
4780
