29
30
31
32
33
34
35
36
37
38
39
40
41
42
43
44
45
46
47
48
49
50
51
52
53
110
111
112
113
114
115
116
117
118
119
120
121
122
123
124
125
126
127
128
129
130
131
132
190
191
192
193
194
195
196
197
198
199
200
201
202
203
204
205
206
207
208
209
210
211
212
271
272
273
274
275
276
277
278
279
280
281
282
283
284
285
286
287
288
289
290
291
292
352
353
354
355
356
357
358
359
360
361
362
363
364
365
366
367
368
369
370
371
372
432
433
434
435
436
437
438
439
440
441
442
443
444
445
446
447
448
449
450
451
513
514
515
516
517
518
519
520
521
522
523
524
525
526
527
528
529
530
531
594
595
596
597
598
599
600
601
602
603
604
605
606
607
608
609
610
611
675
676
677
678
679
680
681
682
683
684
685
686
687
688
689
690
756
757
758
759
760
761
762
763
764
765
766
767
768
769
770
837
838
839
840
841
842
843
844
845
846
847
848
849
918
919
920
921
922
923
924
925
926
927
928
929
999
1000
1001
1002
1003
1004
1005
1006
1007
1008
1079
1080
1081
1082
1083
1084
1085
1086
1087
1088
1159
1160
1161
1162
1163
1164
1165
1166
1167
1239
1240
1241
1242
1243
1244
1245
1246
1319
1320
1321
1322
1323
1324
1325
1326
1399
1400
1401
1402
1403
1404
1405
1479
1480
1481
1482
1483
1484
1485
1559
1560
1561
1562
1563
1564
4837
4838
4839
4840
4841
4842
4916
4917
4918
4919
4920
4921
4922
4996
4997
4998
4999
5000
5001
5002
5075
5076
5077
5078
5079
5080
5081
5082
5155
5156
5157
5158
5159
5160
5161
5162
5234
5235
5236
5237
5238
5239
5240
5241
5242
5313
5314
5315
5316
5317
5318
5319
5320
5321
5322
5393
5394
5395
5396
5397
5398
5399
5400
5401
5402
5472
5473
5474
5475
5476
5477
5478
5479
5480
5481
5482
5483
5552
5553
5554
5555
5556
5557
5558
5559
5560
5561
5562
5563
5564
5631
5632
5633
5634
5635
5636
5637
5638
5639
5640
5641
5642
5643
5644
5645
5711
5712
5713
5714
5715
5716
5717
5718
5719
5720
5721
5722
5723
5724
5725
5726
5790
5791
5792
5793
5794
5795
5796
5797
5798
5799
5800
5801
5802
5803
5804
5805
5806
5807
5870
5871
5872
5873
5874
5875
5876
5877
5878
5879
5880
5881
5882
5883
5884
5885
5886
5887
5888
5950
5951
5952
5953
5954
5955
5956
5957
5958
5959
5960
5961
5962
5963
5964
5965
5966
5967
5968
6029
6030
6031
6032
6033
6034
6035
6036
6037
6038
6039
6040
6041
6042
6043
6044
6045
6046
6047
6048
6049
6109
6110
6111
6112
6113
6114
6115
6116
6117
6118
6119
6120
6121
6122
6123
6124
6125
6126
6127
6128
6129
6130
6189
6190
6191
6192
6193
6194
6195
6196
6197
6198
6199
6200
6201
6202
6203
6204
6205
6206
6207
6208
6209
6210
6211
6269
6270
6271
6272
6273
6274
6275
6276
6277
6278
6279
6280
6281
6282
6283
6284
6285
6286
6287
6288
6289
6290
6291
6292
6348
6349
6350
6351
6352
6353
6354
6355
6356
6357
6358
6359
6360
6361
6362
6363
6364
6365
6366
6367
6368
6369
6370
6371
6372
