19
20
21
22
23
24
25
26
27
28
29
30
51
52
53
54
55
56
57
58
59
60
61
62
99
100
101
102
103
104
105
106
107
108
109
110
131
132
133
134
135
136
137
138
139
140
141
142
179
180
181
182
183
184
185
186
187
188
189
190
211
212
213
214
215
216
217
218
219
220
221
222
258
259
260
261
262
263
264
265
266
267
268
269
270
291
292
293
294
295
296
297
298
299
300
301
302
338
339
340
341
342
343
344
345
346
347
348
349
350
371
372
373
374
375
376
377
378
379
380
381
382
418
419
420
421
422
423
424
425
426
427
428
429
430
451
452
453
454
455
456
457
458
459
460
461
462
498
499
500
501
502
503
504
505
506
507
508
509
510
531
532
533
534
535
536
537
538
539
540
541
542
577
578
579
580
581
582
583
584
585
586
587
588
589
590
611
612
613
614
615
616
617
618
619
620
621
622
657
658
659
660
661
662
663
664
665
666
667
668
669
670
691
692
693
694
695
696
697
698
699
700
701
702
737
738
739
740
741
742
743
744
745
746
747
748
749
750
771
772
773
774
775
776
777
778
779
780
781
817
818
819
820
821
822
823
824
825
826
827
828
829
830
851
852
853
854
855
856
857
858
859
860
861
898
899
900
901
902
903
904
905
906
907
908
909
910
931
932
933
934
935
936
937
938
939
940
978
979
980
981
982
983
984
985
986
987
988
989
990
1011
1012
1013
1014
1015
1016
1017
1018
1019
1020
1059
1060
1061
1062
1063
1064
1065
1066
1067
1068
1069
1070
1091
1092
1093
1094
1095
1096
1097
1098
1099
1140
1141
1142
1143
1144
1145
1146
1147
1148
1149
1150
1151
1171
1172
1173
1174
1175
1176
1177
1178
1179
1220
1221
1222
1223
1224
1225
1226
1227
1228
1229
1230
1231
1251
1252
1253
1254
1255
1256
1257
1258
1300
1301
1302
1303
1304
1305
1306
1307
1308
1309
1310
1311
1331
1332
1333
1334
1335
1336
1337
1338
1380
1381
1382
1383
1384
1385
1386
1387
1388
1389
1390
1391
1410
1411
1412
1413
1414
1415
1416
1417
1460
1461
1462
1463
1464
1465
1466
1467
1468
1469
1470
1471
1490
1491
1492
1493
1494
1495
1496
1497
1541
1542
1543
1544
1545
1546
1547
1548
1549
1550
1551
1552
1570
1571
1572
1573
1574
1575
1576
4825
4826
4827
4828
4829
4830
4831
4849
4850
4851
4852
4853
4854
4855
4856
4857
4858
4859
4860
4904
4905
4906
4907
4908
4909
4910
4911
4930
4931
4932
4933
4934
4935
4936
4937
4938
4939
4940
4941
4984
4985
4986
4987
4988
4989
4990
4991
5010
5011
5012
5013
5014
5015
5016
5017
5018
5019
5020
5021
5063
5064
5065
5066
5067
5068
5069
5070
5090
5091
5092
5093
5094
5095
5096
5097
5098
5099
5100
5101
5143
5144
5145
5146
5147
5148
5149
5150
5170
5171
5172
5173
5174
5175
5176
5177
5178
5179
5180
5181
5222
5223
5224
5225
5226
5227
5228
5229
5230
5250
5251
5252
5253
5254
5255
5256
5257
5258
5259
5260
5261
5302
5303
5304
5305
5306
5307
5308
5309
5310
5331
5332
5333
5334
5335
5336
5337
5338
5339
5340
5341
5342
5381
5382
5383
5384
5385
5386
5387
5388
5389
5390
5411
5412
5413
5414
5415
5416
5417
5418
5419
5420
5421
5422
5423
5461
5462
5463
5464
5465
5466
5467
5468
5469
5470
5491
5492
5493
5494
5495
5496
5497
5498
5499
5500
5501
5502
5503
5540
5541
5542
5543
5544
5545
5546
5547
5548
5549
5550
5571
5572
5573
5574
5575
5576
5577
5578
5579
5580
5581
5582
5583
5584
5620
5621
5622
5623
5624
5625
5626
5627
5628
5629
5630
5651
5652
5653
5654
5655
5656
5657
5658
5659
5660
5661
5662
5663
5664
5699
5700
5701
5702
5703
5704
5705
5706
5707
5708
5709
5710
5731
5732
5733
5734
5735
5736
5737
5738
5739
5740
5741
5742
5743
5744
5779
5780
5781
5782
5783
5784
5785
5786
5787
5788
5789
5790
5811
5812
5813
5814
5815
5816
5817
5818
5819
5820
5821
5822
5823
5824
5859
5860
5861
5862
5863
5864
5865
5866
5867
5868
5869
5870
5891
5892
5893
5894
5895
5896
5897
5898
5899
5900
5901
5902
5903
5939
5940
5941
5942
5943
5944
5945
5946
5947
5948
5949
5950
5971
5972
5973
5974
5975
5976
5977
5978
5979
5980
5981
5982
5983
6019
6020
6021
6022
6023
6024
6025
6026
6027
6028
6029
6030
6051
6052
6053
6054
6055
6056
6057
6058
6059
6060
6061
6062
6063
6099
6100
6101
6102
6103
6104
6105
6106
6107
6108
6109
6110
6131
6132
6133
6134
6135
6136
6137
6138
6139
6140
6141
6142
6143
6179
6180
6181
6182
6183
6184
6185
6186
6187
6188
6189
6190
6211
6212
6213
6214
6215
6216
6217
6218
6219
6220
6221
6222
6223
6259
6260
6261
6262
6263
6264
6265
6266
6267
6268
6269
6270
6291
6292
6293
6294
6295
6296
6297
6298
6299
6300
6301
6302
6339
6340
6341
6342
6343
6344
6345
6346
6347
6348
6349
6350
6371
6372
6373
6374
6375
6376
6377
6378
6379
6380
6381
6382
