1652
1653
1654
1655
1656
1657
1658
1659
1660
1732
1733
1734
1735
1736
1737
1738
1739
1740
1811
1812
1813
1814
1815
1816
1817
1818
1819
1820
1891
1892
1893
1894
1895
1896
1897
1898
1899
1900
1971
1972
1973
1974
1975
1976
1977
1978
1979
1980
2051
2052
2053
2054
2055
2056
2057
2058
2059
2060
2131
2132
2133
2134
2135
2136
2137
2138
2139
2140
2211
2212
2213
2214
2215
2216
2217
2218
2219
2220
2291
2292
2293
2294
2295
2296
2297
2298
2299
2300
2371
2372
2373
2374
2375
2376
2377
2378
2379
2380
2451
2452
2453
2454
2455
2456
2457
2458
2459
2460
2531
2532
2533
2534
2535
2536
2537
2538
2539
2540
2610
2611
2612
2613
2614
2615
2616
2617
2618
2619
2620
2661
2662
2663
2690
2691
2692
2693
2694
2695
2696
2697
2698
2699
2700
2741
2742
2743
2744
2745
2770
2771
2772
2773
2774
2775
2776
2777
2778
2779
2780
2821
2822
2823
2824
2825
2826
2827
2850
2851
2852
2853
2854
2855
2856
2857
2858
2859
2860
2901
2902
2903
2904
2905
2906
2907
2908
2909
2930
2931
2932
2933
2934
2935
2936
2937
2938
2939
2940
2981
2982
2983
2984
2985
2986
2987
2988
2989
2990
2991
3010
3011
3012
3013
3014
3015
3016
3017
3018
3019
3020
3061
3062
3063
3064
3065
3066
3067
3068
3069
3070
3071
3090
3091
3092
3093
3094
3095
3096
3097
3098
3099
3100
3141
3142
3143
3144
3145
3146
3147
3148
3149
3150
3151
3170
3171
3172
3173
3174
3175
3176
3177
3178
3179
3180
3221
3222
3223
3224
3225
3226
3227
3228
3229
3230
3231
3250
3251
3252
3253
3254
3255
3256
3257
3258
3259
3260
3301
3302
3303
3304
3305
3306
3307
3308
3309
3310
3311
3330
3331
3332
3333
3334
3335
3336
3337
3338
3339
3340
3381
3382
3383
3384
3385
3386
3387
3388
3389
3390
3391
3410
3411
3412
3413
3414
3415
3416
3417
3418
3419
3420
3461
3462
3463
3464
3465
3466
3467
3468
3469
3470
3471
3492
3493
3494
3495
3496
3497
3498
3499
3500
3541
3542
3543
3544
3545
3546
3547
3548
3549
3550
3551
3574
3575
3576
3577
3578
3579
3580
3621
3622
3623
3624
3625
3626
3627
3628
3629
3630
3631
3656
3657
3658
3659
3660
3701
3702
3703
3704
3705
3706
3707
3708
3709
3710
3711
3738
3739
3740
3781
3782
3783
3784
3785
3786
3787
3788
3789
3790
3791
3861
3862
3863
3864
3865
3866
3867
3868
3869
3870
3941
3942
3943
3944
3945
3946
3947
3948
3949
3950
4021
4022
4023
4024
4025
4026
4027
4028
4029
4030
4101
4102
4103
4104
4105
4106
4107
4108
4109
4110
4181
4182
4183
4184
4185
4186
4187
4188
4189
4190
4261
4262
4263
4264
4265
4266
4267
4268
4269
4270
4341
4342
4343
4344
4345
4346
4347
4348
4349
4350
4421
4422
4423
4424
4425
4426
4427
4428
4429
4430
4501
4502
4503
4504
4505
4506
4507
4508
4509
4510
4581
4582
4583
4584
4585
4586
4587
4588
4589
4590
4661
4662
4663
4664
4665
4666
4667
4668
4669
4741
4742
4743
4744
4745
4746
4747
4748
4749
