14
15
16
17
18
63
64
65
66
67
80
94
95
96
97
98
143
144
145
146
147
175
176
177
178
223
224
225
226
227
255
256
257
303
304
305
306
307
308
335
336
337
383
384
385
386
387
388
415
416
417
463
464
465
466
467
468
469
495
496
497
543
544
545
546
547
548
549
550
551
574
575
576
623
624
625
626
627
628
629
630
631
632
654
655
656
703
704
705
706
707
708
709
710
711
712
733
734
735
736
782
783
784
785
786
787
788
789
790
791
792
793
862
863
864
865
866
867
868
869
870
871
872
873
941
942
943
944
945
946
947
948
949
950
951
952
1021
1022
1023
1024
1025
1026
1027
1028
1029
1030
1031
1032
1100
1101
1102
1103
1104
1105
1106
1107
1108
1109
1110
1111
1112
1180
1181
1182
1183
1184
1185
1186
1187
1188
1189
1190
1191
1192
1193
1259
1260
1261
1262
1263
1264
1265
1266
1267
1268
1269
1270
1271
1272
1273
1274
1275
1276
1277
1278
1279
1339
1340
1341
1342
1343
1344
1345
1346
1347
1348
1349
1350
1351
1352
1353
1354
1355
1356
1357
1358
1359
1360
1418
1419
1420
1421
1422
1423
1424
1425
1426
1427
1428
1429
1430
1431
1498
1499
1500
1501
1502
1503
1504
1505
1506
1507
1508
1509
1510
1511
1577
1578
1579
1580
1581
1582
1583
1584
1585
1586
1587
1588
1589
1661
1662
1663
1664
1665
1666
1667
1741
1742
1743
1744
1745
1821
1822
1823
1901
4500
4578
4579
4580
4656
4657
4658
4659
4660
4734
4735
4736
4737
4738
4739
4740
4812
4813
4814
4815
4816
4817
4818
4819
4820
4821
4822
4823
4824
4890
4891
4892
4893
4894
4895
4896
4897
4898
4899
4900
4901
4902
4903
4970
4971
4972
4973
4974
4975
4976
4977
4978
4979
4980
4981
4982
4983
5041
5042
5043
5044
5045
5046
5047
5048
5049
5050
5051
5052
5053
5054
5055
5056
5057
5058
5059
5060
5061
5062
5122
5123
5124
5125
5126
5127
5128
5129
5130
5131
5132
5133
5134
5135
5136
5137
5138
5139
5140
5141
5142
5208
5209
5210
5211
5212
5213
5214
5215
5216
5217
5218
5219
5220
5221
5289
5290
5291
5292
5293
5294
5295
5296
5297
5298
5299
5300
5301
5369
5370
5371
5372
5373
5374
5375
5376
5377
5378
5379
5380
5449
5450
5451
5452
5453
5454
5455
5456
5457
5458
5459
5460
5528
5529
5530
5531
5532
5533
5534
5535
5536
5537
5538
5539
5608
5609
5610
5611
5612
5613
5614
5615
5616
5617
5618
5619
5665
5666
5667
5668
5689
5690
5691
5692
5693
5694
5695
5696
5697
5698
5745
5746
5747
5769
5770
5771
5772
5773
5774
5775
5776
5777
5778
5825
5826
5827
5850
5851
5852
5853
5854
5855
5856
5857
5858
5904
5905
5906
5932
5933
5934
5935
5936
5937
5938
5984
5985
5986
6013
6014
6015
6016
6017
6018
6064
6065
6066
6093
6094
6095
6096
6097
6098
6144
6145
6146
6174
6175
6176
6177
6178
6224
6225
6226
6254
6255
6256
6257
6258
6303
6304
6305
6306
6307
6321
6334
6335
6336
6337
6338
6383
6384
6385
6386
6387
